Quanta Chart for Algorithm=0 Run=0:
-1, -1, 0, 0, 1, 2, 2, 3, 3, 3, 3, 3, 3, 3, 3, -1, -1, -1, -1, -1, -1, -1, 4, 4, 4, 4, 4, 4, 4, 4, 5, 5, 5, 5, 6, 6, 6, 6, 6, 6, 6, 6, 7, 8, 8, 8, 8, 9, 9, 9, 9, 10, 10, 10, 10, 10, 10, 10, 11, 11, 11, 11, 11, 11, 11, 11, 12, 12, 13, 14, 14, 14, 14, 14, 15, 15, 15, 16, 16, 16, 17, 17, 17, 18, 18, 18, 18, 18, 18, 18, 18, 18, 19, 19, 19, 19, 19, 20, 20, 20, 20, 20, 20, 20, 


Quanta Chart for Algorithm=0 Run=1:
-1, -1, -1, -1, -1, 0, 0, 0, 0, 0, 0, 0, 1, 1, 1, 2, 3, 3, 4, 4, 4, 4, 4, 4, 4, 4, 4, 4, 5, 5, 6, 6, 6, 6, 6, 6, 6, 6, 6, 7, 7, 8, 8, 8, 9, 10, 10, 10, 10, 10, 10, 10, 11, 11, 11, 11, 11, 11, 11, 11, 11, 11, 12, 13, 13, 13, 13, 13, 13, 13, 13, 13, 14, 14, 14, 14, 14, 14, 14, 14, 14, 14, 15, 15, 15, 15, 15, 15, 15, 15, 15, 16, 16, 16, 16, 16, 16, 16, 17, 17, 17, 17, 17, 


Quanta Chart for Algorithm=0 Run=2:
-1, 0, 0, 0, 0, 0, 0, 0, 0, 0, 1, 1, 1, 1, 1, 1, 2, 2, 2, 2, 2, 2, 2, 2, 2, 2, 3, 3, 3, 3, 3, 4, 5, 5, 5, 5, 5, 5, 5, 5, 6, 6, 7, 7, 7, 7, 7, 8, 8, 8, 8, 8, 9, 9, 10, 10, 11, 11, 11, 12, 12, 12, 13, 13, 13, 13, 13, 14, 14, 14, 14, 14, 14, 14, 15, 15, 15, 15, 15, 15, 16, 16, 17, 17, 17, 17, 17, 17, 17, 17, 17, 17, 18, 18, 19, 19, 19, 19, 19, 19, 


Quanta Chart for Algorithm=0 Run=3:
-1, 0, 0, 0, 1, 1, 1, -1, 2, 2, 2, 2, 2, 2, 2, 2, 2, 2, 3, 3, 4, 5, 5, 5, 6, 6, 6, 6, 6, 6, 6, 6, 7, 7, 7, 7, 7, 7, 7, 7, 7, 8, 8, 8, 9, 9, 9, 9, 9, 10, 10, 10, 10, 10, 10, 10, 11, 11, 11, 12, 12, 12, 12, 12, 12, 12, 13, 13, 13, 13, 13, 14, 14, 14, 14, 14, 14, 14, 14, 14, 14, 15, 15, 15, 15, 15, 15, 15, 15, 16, 16, 16, 16, 17, 17, 17, 17, 17, 17, 17, 


Quanta Chart for Algorithm=0 Run=4:
-1, -1, -1, 0, -1, -1, 1, 1, 1, 1, 1, 2, 2, 2, 2, 2, 2, 2, 2, 2, 3, 3, 4, 5, 5, 5, 6, 7, 7, 7, 7, 7, 7, 7, 7, 8, 8, 8, 8, 8, 9, 10, 10, 10, 10, 10, 10, 10, 11, 11, 11, 11, 11, 11, 12, 12, 12, 12, 12, 12, 12, 12, 13, 13, 13, 13, 13, 13, 13, 13, 13, 14, 14, 14, 14, 14, 15, 15, 15, 15, 15, 15, 15, 15, 15, 15, 16, 17, 17, 17, 17, 17, 17, 17, 18, 18, 18, 18, 18, 18, 18, 


Quanta Chart for Algorithm=4 Run=0:
-1, -1, 1, 0, 0, 2, 2, 3, 3, 3, 3, 3, 3, 3, 3, -1, -1, -1, -1, -1, -1, -1, 4, 4, 4, 4, 4, 4, 4, 4, 5, 5, 5, 5, 6, 6, 6, 6, 6, 6, 6, 6, 8, 8, 8, 8, 9, 9, 9, 9, 10, 10, 10, 10, 10, 10, 10, 13, 12, 12, 15, 15, 15, 7, 16, 16, 16, 18, 18, 18, 18, 18, 18, 18, 18, 18, 21, 21, 22, 22, 22, 22, 22, 22, 22, 22, 22, 17, 17, 17, 19, 19, 19, 19, 19, 27, 27, 25, 25, 25, -1, 25, 25, 25, 


Quanta Chart for Algorithm=4 Run=1:
-1, -1, -1, -1, -1, 0, 0, 0, 0, 0, 0, 0, 2, 3, 3, 1, 1, 1, 5, 5, 6, 6, 6, 6, 6, 6, 6, 6, 6, 7, 7, 8, 8, 8, 11, 11, 11, 11, 11, 11, 11, 11, 11, 11, 10, 10, 10, 10, 10, 10, 10, 12, 14, 14, 14, 14, 14, 14, 14, 14, 14, 14, 4, 4, 4, 4, 4, 4, 4, 4, 4, 4, 19, 19, 19, 20, 20, 20, 20, 20, 20, 22, 22, 22, 22, 22, 22, 22, 22, 22, 25, 25, 25, 25, 25, 25, 9, 26, 26, 26, -1, 26, 26, 26, 26, 26, 26, 26, 


Quanta Chart for Algorithm=4 Run=2:
-1, 0, 0, 0, 0, 0, 0, 0, 0, 0, 1, 1, 1, 1, 1, 1, 3, 3, 3, 3, 3, 5, 5, 5, 5, 5, 5, 5, 5, 8, 8, 8, 8, 8, 11, 11, 11, 9, 9, 10, 10, 12, 12, 12, 13, 13, 13, 13, 13, 17, 17, 17, 17, 17, 17, 17, 17, 17, 17, 14, 14, 14, 14, 14, 14, 14, 20, 20, 15, 15, 15, 15, 15, 15, 22, 22, 22, 22, 21, 21, 21, 21, 21, 21, 21, 21, 21, 23, 23, 23, 23, 23, 23, 23, 23, 28, 29, 29, 29, 29, -1, 29, 29, 29, 


Quanta Chart for Algorithm=4 Run=3:
-1, 0, 0, 0, 1, 1, 1, -1, 2, 2, 2, 2, 2, 2, 2, 2, 2, 2, 5, 5, 5, 6, 6, 6, 6, 6, 6, 6, 6, 10, 10, 10, 10, 10, 10, 10, 4, 7, 7, 7, 7, 7, 7, 7, 7, 7, 14, 14, 14, 14, 14, 14, 14, 14, 14, 14, 15, 15, 15, 15, 15, 15, 15, 15, 16, 16, 16, 16, 23, 23, 17, 17, 17, 17, 17, 17, 17, 19, 21, 21, 21, 21, 21, 21, 21, 21, 21, 26, 26, 26, 26, 20, 20, 20, 20, 20, 20, 20, 20, 20, -1, 20, 


Quanta Chart for Algorithm=4 Run=4:
-1, -1, -1, 0, -1, -1, 1, 1, 1, 1, 1, 3, 3, 2, 2, 2, 2, 2, 2, 2, 2, 2, 5, 5, 5, 7, 7, 7, 7, 7, 7, 7, 7, 11, 11, 11, 11, 11, 11, 12, 12, 12, 12, 12, 12, 12, 12, 8, 8, 8, 8, 8, 9, 14, 14, 14, 14, 14, 15, 15, 15, 15, 15, 15, 15, 15, 15, 15, 16, 17, 17, 17, 17, 17, 17, 17, 19, 19, 19, 19, 19, 19, 19, 19, 19, 19, 24, 24, 24, 24, 24, 24, 26, 26, 26, 18, 18, 18, 18, 18, -1, 18, 18, 


Quanta Chart for Algorithm=5 Run=0:
-1, -1, 1, 1, 1, 1, 0, 0, 0, 0, 0, 2, 2, 2, 3, 3, 3, 2, 3, 3, 3, 3, 2, 3, 3, 4, 4, 4, 5, 5, 5, 5, 3, 4, 4, 8, 8, 8, 8, 9, 9, 9, 8, 8, 9, 9, 10, 10, 10, 12, 12, 12, 13, 13, 13, 13, 8, 9, 10, 10, 10, 12, 9, 10, 16, 16, 16, 16, 16, 16, 10, 18, 18, 18, 18, 10, 12, 18, 18, 18, 21, 21, 21, 22, 22, 22, 10, 18, 18, 21, 22, 22, 22, 22, 25, 27, 27, 27, 27, 28, 28, 28, 28, 28, 28, 28, 28, 28, 28, 22, 22, 25, 25, 25, 25, 22, 22, 25, 25, 22, 25, 25, 4, 4, 4, 


Quanta Chart for Algorithm=5 Run=1:
-1, -1, -1, -1, -1, 0, 0, 0, 0, 0, 0, 0, 0, 0, 0, 2, 2, 5, 5, 5, 5, 5, 7, 7, 8, 8, 8, 7, 7, 8, 11, 11, 11, 11, 7, 8, 11, 11, 11, 8, 11, 11, 11, 11, 11, 11, 3, 3, 3, 6, 6, 6, 10, 10, 10, 10, 12, 12, 14, 14, 14, 14, 2, 3, 6, 6, 6, 6, 10, 10, 10, 12, 14, 14, 14, 14, 19, 19, 19, 20, 20, 20, 20, 22, 22, 22, 22, 2, 25, 25, 25, 25, 25, 25, 25, 25, 25, 26, 26, 26, 26, 26, 26, 26, 26, 26, 26, 26, 26, 26, 6, 6, 14, 14, 14, 20, 20, 22, 22, 22, 22, 6, 6, 14, 20, 22, 


Quanta Chart for Algorithm=5 Run=2:
-1, 0, 0, 0, 0, 1, 1, 1, 1, 0, 0, 0, 0, 1, 1, 1, 3, 3, 3, 0, 0, 1, 3, 3, 3, 0, 1, 3, 0, 3, 5, 5, 11, 11, 11, 11, 11, 11, 5, 5, 8, 8, 8, 8, 9, 9, 9, 10, 10, 17, 17, 17, 17, 17, 17, 17, 17, 17, 17, 17, 17, 17, 12, 12, 12, 13, 20, 20, 20, 20, 22, 22, 22, 22, 20, 22, 22, 22, 13, 13, 13, 14, 14, 14, 14, 15, 15, 15, 15, 21, 21, 21, 21, 28, 28, 28, 28, 29, 29, 29, 29, 29, 29, 29, 29, 29, 29, 13, 13, 14, 14, 14, 15, 15, 21, 21, 21, 21, 5, 5, 5, 5, 8, 8, 13, 14, 15, 15, 21, 


Quanta Chart for Algorithm=5 Run=3:
-1, 0, 0, 1, 1, 1, 1, 1, 1, 2, 2, 2, 2, 2, 2, 2, 2, 5, 5, 5, 5, 5, 6, 6, 6, 5, 6, 6, 6, 10, 10, 10, 10, 6, 6, 6, 10, 10, 10, 6, 10, 10, 6, 10, 14, 14, 14, 14, 15, 15, 15, 15, 14, 14, 14, 14, 15, 15, 15, 15, 14, 14, 14, 15, 14, 15, 14, 15, 23, 23, 23, 23, 23, 4, 4, 16, 16, 16, 16, 17, 17, 17, 19, 19, 21, 21, 21, 21, 26, 26, 26, 26, 2, 2, 2, 4, 16, 17, 17, 28, 28, 28, 28, 28, 28, 28, 28, 28, 17, 17, 21, 21, 21, 21, 17, 17, 21, 21, 17, 21, 21, 0, 


Quanta Chart for Algorithm=5 Run=4:
-1, -1, -1, 0, 0, 0, 0, 2, 2, 2, 2, 3, 3, 3, 3, 3, 2, 2, 2, 2, 5, 5, 5, 7, 7, 7, 7, 8, 8, 8, 8, 9, 9, 11, 11, 11, 11, 11, 11, 11, 11, 11, 12, 12, 12, 12, 12, 12, 12, 12, 12, 12, 12, 2, 2, 5, 5, 7, 7, 7, 16, 16, 16, 16, 17, 17, 17, 17, 17, 17, 17, 19, 19, 19, 19, 17, 17, 19, 19, 19, 17, 19, 19, 19, 24, 24, 24, 19, 19, 24, 24, 26, 26, 26, 26, 26, 26, 24, 19, 24, 7, 7, 8, 


Quanta Chart for Algorithm=3 Run=0:
-1, -1, 0, 1, 0, 2, 2, 3, 3, 3, 3, 3, 3, 3, 3, -1, -1, -1, -1, -1, -1, -1, 4, 4, 4, 4, 4, 4, 5, 6, 4, 5, 6, 7, 4, 6, 8, 5, 6, 8, 9, 5, 8, 9, 10, 6, 8, 10, 11, 12, 6, 9, 10, 11, 12, 6, 9, 11, 13, 6, 11, 14, 15, 10, 11, 14, 15, 16, 17, 18, 19, 10, 11, 14, 15, 17, 18, 19, 20, 21, 22, 10, 11, 14, 16, 17, 19, 20, 21, 23, 24, 10, 14, 18, 19, 20, 22, 23, 24, 25, 11, 18, 19, 22, 23, 24, 25, 16, 20, 22, 23, 24, 25, 18, 20, 22, 23, 24, 25, 18, 20, 22, 23, 24, 25, 18, 20, 23, 24, 25, 18, 22, 23, 18, 24, 22, 22, 


Quanta Chart for Algorithm=3 Run=1:
-1, -1, -1, -1, -1, 0, 0, 1, 2, 0, 1, 0, 1, 0, 3, 4, 0, 3, 5, 6, 0, 5, 7, 4, 6, 7, 9, 4, 6, 8, 10, 11, 4, 6, 8, 10, 11, 12, 14, 4, 6, 8, 11, 13, 14, 4, 6, 10, 11, 13, 14, 4, 6, 10, 11, 13, 14, 15, 16, 17, 4, 6, 10, 11, 13, 14, 15, 16, 17, 18, 19, 20, 4, 6, 11, 13, 14, 15, 16, 17, 18, 19, 20, 21, 23, 4, 11, 13, 14, 15, 16, 17, 18, 19, 22, 23, 24, 25, 26, 27, 10, 11, 13, 14, 15, 16, 17, 20, 22, 23, 24, 25, 26, 27, 10, 13, 14, 15, 16, 18, 20, 22, 23, 24, 25, 26, 27, 11, 14, 16, 20, 22, 23, 24, 26, 27, 13, 18, 22, 23, 26, 27, 15, 20, 25, 26, 27, 15, 22, 25, 26, 27, 15, 25, 27, 22, 26, 27, 22, 26, 27, 22, 26, 


Quanta Chart for Algorithm=3 Run=2:
-1, 0, 0, 1, 2, 0, 1, 2, 0, 1, 2, 0, 1, 2, 0, 1, 2, 3, 4, 6, 0, 1, 3, 5, 6, 0, 2, 3, 5, 7, 8, 0, 3, 5, 7, 8, 9, 10, 11, 12, 13, 14, 15, 2, 3, 7, 8, 9, 11, 12, 13, 14, 15, 16, 17, 18, 2, 5, 7, 8, 10, 12, 14, 15, 16, 18, 2, 5, 7, 11, 14, 15, 17, 19, 20, 21, 22, 23, 24, 25, 2, 8, 14, 15, 17, 19, 20, 22, 23, 24, 26, 5, 13, 14, 15, 19, 21, 22, 23, 25, 5, 13, 14, 19, 21, 22, 25, 26, 5, 17, 19, 21, 23, 25, 26, 13, 19, 23, 25, 17, 21, 23, 25, 17, 21, 23, 25, 17, 21, 23, 17, 21, 25, 17, 21, 17, 


Quanta Chart for Algorithm=3 Run=3:
-1, 0, 0, 0, 1, 1, 1, -1, 2, 2, 2, 2, 2, 2, 2, 2, 3, 4, 2, 3, 2, 5, 6, 5, 6, 7, 8, 9, 10, 5, 7, 8, 9, 10, 11, 12, 6, 7, 8, 10, 11, 12, 6, 7, 9, 10, 11, 13, 14, 15, 16, 17, 18, 6, 7, 9, 10, 12, 13, 14, 15, 16, 17, 18, 19, 21, 22, 6, 7, 9, 12, 13, 14, 15, 16, 17, 18, 20, 21, 22, 23, 24, 6, 7, 10, 12, 13, 14, 15, 16, 18, 20, 21, 22, 23, 25, 26, 27, 6, 10, 7, 12, 13, 15, 17, 18, 20, 21, 22, 24, 25, 26, 27, 7, 14, 15, 17, 18, 20, 21, 22, 24, 25, 26, 27, 12, 15, 17, 18, 20, 21, 22, 24, 25, 26, 14, 15, 18, 21, 22, 24, 25, 14, 17, 21, 22, 25, 14, 20, 21, 25, 14, 20, 24, 25, 14, 24, 25, 20, 24, 25, 20, 24, 20, 


Quanta Chart for Algorithm=3 Run=4:
-1, -1, -1, 0, -1, -1, 1, 1, 2, 1, 2, 1, 2, 3, 4, 1, 3, 6, 2, 5, 7, 8, 2, 5, 7, 8, 2, 5, 8, 9, 2, 7, 8, 10, 11, 2, 7, 8, 11, 12, 13, 2, 10, 11, 12, 13, 7, 10, 11, 12, 13, 7, 10, 11, 12, 13, 14, 15, 7, 10, 11, 13, 14, 15, 16, 7, 12, 13, 14, 15, 17, 18, 19, 20, 21, 10, 12, 13, 14, 15, 17, 18, 19, 20, 21, 22, 23, 24, 25, 10, 13, 14, 17, 18, 19, 20, 21, 22, 23, 24, 12, 13, 17, 18, 19, 20, 21, 23, 24, 25, 12, 17, 18, 19, 20, 22, 23, 25, 15, 17, 18, 19, 20, 24, 25, 15, 17, 19, 22, 24, 15, 18, 22, 24, 15, 19, 22, 15, 19, 22, 15, 19, 


Quanta Chart for Algorithm=1 Run=0:
-1, 0, 1, 2, 2, 3, 3, 3, 3, 3, 3, 3, 3, 4, 4, 4, 4, 4, 4, 4, 4, 5, 5, 5, 5, 6, 6, 6, 6, 6, 6, 6, 6, 7, 8, 8, 8, 8, 9, 9, 9, 9, 10, 10, 10, 10, 10, 10, 10, 12, 12, 12, 13, 14, 14, 14, 14, 14, 15, 15, 15, 16, 16, 16, 17, 17, 17, 18, 18, 18, 18, 18, 18, 18, 18, 18, 21, 21, 21, 21, 22, 22, 22, 22, 22, 22, 22, 22, 22, 23, 23, 23, 23, 23, 23, 23, 23, 27, 27, 27, 27, 27, 28, 28, 28, 28, 28, 28, 28, 28, 28, 28, 28, 28, 28, 28, 28, 28, 28, 28, 28, 28, 28, 28, 28, 28, 28, 28, 28, 28, 28, 28, 28, 28, 28, 28, 28, 28, 28, 28, 28, 28, 28, 28, 28, 28, 28, 28, 28, 28, 28, 28, 28, 28, 28, 28, 28, 28, 28, 28, 28, 28, 28, 28, 28, 28, 28, 28, 28, 28, 28, 28, 28, 28, 28, 28, 28, 28, 28, 28, 28, 28, 


Quanta Chart for Algorithm=1 Run=1:
-1, 0, 0, 0, 0, 0, 0, 1, 1, 1, 2, 3, 3, 4, 4, 4, 4, 4, 4, 4, 4, 4, 4, 5, 5, 9, 9, 9, 9, 10, 10, 10, 10, 10, 10, 10, 12, 12, 13, 13, 13, 13, 13, 13, 13, 13, 13, 14, 14, 14, 14, 14, 14, 14, 14, 14, 14, 15, 15, 15, 15, 15, 15, 15, 15, 15, 19, 19, 19, 19, 19, 19, 20, 20, 20, 20, 20, 20, 21, 22, 22, 22, 22, 22, 22, 22, 22, 22, 24, 24, 24, 24, 24, 25, 25, 25, 25, 25, 25, 28, 28, 28, 28, 28, 28, 28, 28, 28, 28, 28, 29, 29, 29, 29, 29, 29, 29, 29, 29, 29, 29, 29, 29, 29, 29, 29, 29, 29, 29, 29, 29, 29, 29, 29, 29, 29, 29, 29, 29, 29, 29, 29, 29, 29, 29, 29, 29, 29, 29, 29, 29, 29, 29, 29, 29, 29, 29, 29, 29, 29, 29, 29, 29, 29, 29, 29, 29, 29, 29, 29, 29, 29, 29, 29, 29, 29, 29, 29, 29, 29, 29, 29, 29, 29, 29, 29, 29, 29, 29, 29, 29, 29, 29, 29, 29, 29, 29, 29, 29, 29, 29, 29, 29, 29, 


Quanta Chart for Algorithm=1 Run=2:
-1, 0, 0, 0, 0, 0, 0, 0, 0, 1, 1, 1, 1, 1, 1, 3, 3, 3, 3, 3, 4, 4, 6, 6, 6, 7, 7, 7, 7, 7, 8, 8, 8, 8, 8, 10, 10, 10, 11, 11, 11, 12, 12, 12, 16, 16, 16, 16, 16, 17, 17, 17, 17, 17, 17, 17, 17, 17, 17, 18, 18, 19, 19, 19, 19, 19, 19, 20, 20, 21, 21, 21, 21, 21, 21, 21, 21, 21, 24, 24, 24, 24, 25, 25, 25, 25, 25, 25, 25, 25, 26, 26, 26, 27, 27, 27, 27, 27, 27, 27, 28, 28, 28, 28, 28, 28, 28, 28, 28, 28, 28, 28, 28, 28, 28, 28, 28, 28, 28, 28, 28, 28, 28, 28, 28, 28, 28, 28, 28, 28, 28, 28, 28, 28, 28, 28, 28, 28, 28, 28, 28, 28, 28, 28, 28, 28, 28, 28, 28, 28, 28, 28, 28, 28, 28, 28, 28, 28, 28, 28, 28, 28, 28, 28, 28, 28, 28, 28, 28, 28, 28, 28, 28, 28, 28, 28, 


Quanta Chart for Algorithm=1 Run=3:
-1, 0, 0, 1, 1, 1, 2, 2, 2, 2, 2, 2, 2, 2, 2, 2, 3, 3, 4, 5, 5, 5, 6, 6, 6, 6, 6, 6, 6, 6, 8, 8, 8, 11, 11, 11, 11, 11, 11, 12, 12, 12, 12, 12, 12, 12, 13, 13, 13, 13, 13, 16, 16, 16, 16, 16, 19, 19, 19, 19, 20, 20, 20, 20, 20, 20, 20, 20, 20, 20, 23, 23, 23, 23, 24, 24, 24, 24, 24, 24, 24, 24, 24, 25, 25, 25, 25, 25, 25, 25, 25, 25, 25, 27, 27, 27, 27, 28, 28, 28, 28, 28, 28, 29, 29, 29, 29, 29, 29, 29, 29, 29, 29, 29, 29, 29, 29, 29, 29, 29, 29, 29, 29, 29, 29, 29, 29, 29, 29, 29, 29, 29, 29, 29, 29, 29, 29, 29, 29, 29, 29, 29, 29, 29, 29, 29, 29, 29, 29, 29, 29, 29, 29, 29, 29, 29, 29, 29, 29, 29, 29, 29, 29, 29, 29, 29, 29, 29, 29, 29, 29, 29, 29, 29, 29, 29, 29, 29, 29, 29, 29, 29, 29, 29, 29, 29, 29, 29, 29, 29, 29, 29, 29, 29, 29, 29, 29, 29, 29, 29, 


Quanta Chart for Algorithm=1 Run=4:
-1, 1, 1, 1, 1, 1, 2, 2, 2, 2, 2, 2, 2, 2, 2, 4, 4, 6, 6, 7, 7, 7, 7, 7, 7, 7, 7, 9, 9, 10, 10, 10, 10, 10, 10, 10, 11, 11, 11, 11, 11, 11, 12, 12, 12, 12, 12, 12, 12, 12, 13, 13, 13, 13, 13, 13, 13, 13, 13, 14, 14, 14, 14, 14, 16, 16, 17, 17, 17, 17, 17, 17, 17, 20, 20, 20, 20, 20, 20, 23, 23, 23, 23, 23, 23, 23, 23, 25, 25, 25, 25, 25, 26, 26, 26, 27, 27, 28, 28, 28, 28, 28, 28, 28, 28, 29, 29, 29, 29, 29, 29, 29, 29, 29, 29, 29, 29, 29, 29, 29, 29, 29, 29, 29, 29, 29, 29, 29, 29, 29, 29, 29, 29, 29, 29, 29, 29, 29, 29, 29, 29, 29, 29, 29, 29, 29, 29, 29, 29, 29, 29, 29, 29, 29, 29, 29, 29, 29, 29, 29, 29, 29, 29, 29, 29, 29, 29, 29, 29, 29, 29, 29, 29, 29, 29, 29, 


Quanta Chart for Algorithm=2 Run=0:
-1, -1, 1, 2, 2, 0, 0, 3, 3, 3, 3, 3, 3, 3, 3, -1, -1, -1, -1, -1, -1, -1, 4, 4, 4, 4, 4, 4, 4, 4, 5, 5, 7, 5, 5, 8, 8, 8, 8, 9, 9, 9, 9, 10, 10, 12, 12, 10, 10, 10, 10, 10, 13, 6, 6, 14, 14, 14, 14, 14, 15, 15, 15, 6, 16, 16, 16, 17, 17, 17, 6, 6, 6, 6, 6, 21, 21, 19, 19, 19, 19, 19, 20, 20, 20, 20, 20, 20, 20, 23, 23, 23, 23, 23, 23, 23, 23, 27, 27, 26, 26, 26, 26, 


Quanta Chart for Algorithm=2 Run=1:
-1, -1, -1, -1, -1, 0, 1, 2, 1, 1, 0, 0, 0, 3, 3, 0, 0, 0, 5, 5, 6, 7, 7, 9, 8, 8, 8, 10, 10, 10, 10, 10, 12, 10, 10, 6, 6, 6, 6, 6, 6, 6, 6, 13, 13, 13, 13, 13, 13, 13, 13, 13, 14, 14, 14, 14, 14, 14, 14, 14, 14, 14, 17, 17, 17, 17, 17, 19, 19, 19, 18, 18, 18, 21, 18, 18, 20, 20, 20, 20, 20, 20, 23, 23, 23, 23, 23, 23, 24, 24, 24, 24, 25, 25, 25, 25, 25, 25, 16, 16, 16, 16, 16, 16, 16, 


Quanta Chart for Algorithm=2 Run=2:
-1, 0, 1, 1, 1, 1, 1, 1, 0, 0, 0, 0, 0, 0, 0, 0, 4, 6, 6, 3, 3, 3, 3, 3, 7, 7, 7, 7, 7, 8, 8, 9, 9, 10, 10, 8, 8, 8, 11, 11, 11, 12, 12, 12, 16, 16, 13, 13, 13, 13, 13, 18, 18, 15, 15, 15, 15, 15, 15, 14, 14, 14, 14, 14, 14, 14, 20, 20, 19, 22, 22, 24, 24, 22, 22, 19, 19, 19, 19, 19, 5, 5, 5, 5, 26, 26, 26, 5, 5, 5, 5, 27, 27, 28, 27, 27, 27, 27, 27, 29, 29, 29, 29, 29, 29, 29, 


Quanta Chart for Algorithm=2 Run=3:
-1, 0, 0, 0, 1, 1, 1, -1, 2, 2, 2, 2, 2, 2, 2, 3, 3, 4, 2, 2, 2, 5, 5, 5, 8, 8, 8, 9, 9, 9, 9, 9, 11, 11, 11, 12, 12, 12, 12, 12, 12, 12, 13, 13, 13, 13, 13, 10, 16, 16, 16, 16, 10, 10, 10, 19, 10, 10, 10, 17, 17, 17, 17, 17, 17, 17, 18, 18, 23, 23, 18, 18, 18, 18, 18, 18, 6, 6, 6, 6, 6, 6, 6, 6, 15, 15, 15, 26, 26, 26, 26, 15, 27, 27, 27, 15, 15, 15, 15, 29, 29, 29, 29, 29, 29, 


Quanta Chart for Algorithm=2 Run=4:
-1, -1, -1, 0, -1, -1, 1, 1, 1, 1, 1, 3, 4, 3, 2, 5, 6, 5, 5, 7, 8, 8, 8, 8, 8, 7, 9, 7, 7, 7, 7, 7, 7, 11, 11, 11, 11, 11, 11, 10, 10, 10, 10, 10, 10, 10, 12, 12, 12, 12, 12, 12, 12, 12, 14, 14, 14, 14, 14, 2, 16, 2, 2, 2, 2, 2, 2, 2, 17, 17, 17, 17, 17, 17, 17, 21, 21, 21, 21, 23, 23, 23, 23, 24, 24, 24, 24, 24, 24, 25, 25, 25, 25, 26, 26, 26, 27, 27, 29, 29, 29, 


